<svg xmlns="http://www.w3.org/2000/svg" width="1200" height="700" viewBox="0 0 1200 700">
<style>
text { font-family: Arial, sans-serif; fill: #222; }
.small { font-size: 12px; }
.label { font-size: 13px; }
.title { font-size: 18px; font-weight: bold; }
.axis { stroke: #333; stroke-width: 1; }
.grid { stroke: #ddd; stroke-width: 1; }
</style>
<text x="80" y="30" class="title">fig5_concentration_1.svg</text>
<line x1="80" y1="60" x2="80" y2="630" class="axis"/>
<line x1="80" y1="630" x2="1180" y2="630" class="axis"/>
<line x1="80" y1="630" x2="1180" y2="60" stroke="#999" stroke-dasharray="5,5"/>
<polyline points="80,630 89.64912280701755,581.630615640599 99.29824561403508,556.0232945091514 108.94736842105263,539.4259567387687 118.59649122807016,525.1996672212979 128.24561403508773,510.97337770382694 137.89473684210526,498.1697171381032 147.5438596491228,486.78868552412644 157.19298245614033,475.8818635607321 166.8421052631579,464.97504159733774 176.49122807017545,454.0682196339434 186.140350877193,443.6356073211315 195.78947368421052,434.1514143094842 205.43859649122805,424.66722129783693 215.08771929824562,415.65723793677205 224.73684210526315,407.1214642262895 234.38596491228068,399.05990016638935 244.03508771929825,390.9983361064892 253.68421052631578,383.41098169717134 263.3333333333333,375.8236272878536 272.9824561403509,368.2362728785358 282.63157894736844,361.1231281198003 292.280701754386,354.4841930116472 301.9298245614035,347.8452579034942 311.57894736842104,341.2063227953411 321.2280701754386,334.56738768718805 330.8771929824561,327.92845257903497 340.52631578947364,321.2895174708819 350.17543859649123,315.12479201331115 359.82456140350877,308.9600665557404 369.4736842105263,302.7953410981697 379.1228070175439,296.630615640599 388.77192982456137,290.94009983361065 398.42105263157896,285.2495840266223 408.0701754385965,279.55906821963396 417.719298245614,273.8685524126456 427.36842105263156,268.17803660565727 437.01754385964915,262.48752079866887 446.66666666666663,257.2712146422629 456.3157894736842,252.0549084858569 465.96491228070175,247.3128119800333 475.6140350877193,242.5707154742097 485.2631578947368,237.82861896838597 494.9122807017544,233.08652246256236 504.5614035087719,228.34442595673875 514.2105263157895,224.07653910149747 523.859649122807,219.8086522462562 533.5087719298245,215.540765391015 543.1578947368421,211.2728785357737 552.8070175438597,207.00499168053244 562.4561403508771,202.73710482529117 572.1052631578948,198.4692179700499 581.7543859649122,194.20133111480868 591.4035087719299,190.40765391014975 601.0526315789473,186.61397670549087 610.7017543859649,182.82029950083194 620.3508771929825,179.02662229617306 630.0,175.23294509151418 639.6491228070175,171.43926788685525 649.2982456140352,167.64559068219637 658.9473684210526,164.32612312811978 668.5964912280701,161.00665557404324 678.2456140350878,157.6871880199667 687.8947368421053,154.36772046589016 697.5438596491227,151.04825291181362 707.1929824561404,147.72878535773708 716.8421052631579,144.40931780366054 726.4912280701755,141.5640599001664 736.140350877193,138.7188019966722 745.7894736842105,135.87354409317805 755.438596491228,133.02828618968385 765.0877192982457,130.1830282861897 774.7368421052631,127.33777038269551 784.3859649122807,124.49251247920131 794.0350877192983,121.64725457570717 803.6842105263158,119.27620632279536 813.3333333333333,116.90515806988356 822.9824561403509,114.53410981697175 832.6315789473684,112.16306156405994 842.280701754386,109.79201331114814 851.9298245614035,107.42096505823633 861.578947368421,105.04991680532453 871.2280701754386,103.15307820299506 880.8771929824562,101.2562396006656 890.5263157894736,99.35940099833613 900.1754385964912,97.46256239600666 909.8245614035088,95.5657237936772 919.4736842105264,93.66888519134773 929.1228070175438,91.77204658901826 938.7719298245614,89.87520798668879 948.421052631579,87.97836938435933 958.0701754385965,86.08153078202997 967.719298245614,84.1846921797005 977.3684210526316,82.28785357737104 987.0175438596491,80.39101497504157 996.6666666666667,78.96838602329444 1006.3157894736842,77.54575707154743 1015.9649122807017,76.1231281198003 1025.6140350877195,74.70049916805328 1035.2631578947369,73.27787021630616 1044.9122807017543,71.85524126455903 1054.561403508772,70.43261231281201 1064.2105263157896,69.00998336106488 1073.859649122807,67.58735440931775 1083.5087719298244,66.63893510815308 1093.157894736842,65.6905158069884 1102.8070175438597,64.74209650582361 1112.4561403508771,63.793677204658934 1122.1052631578946,62.845257903494144 1131.7543859649122,62.371048252911805 1141.4035087719299,61.89683860232947 1151.0526315789475,61.42262895174713 1160.701754385965,60.94841930116468 1170.3508771929824,60.47420965058234 1180.0,60.0" fill="none" stroke="#59a14f" stroke-width="3"/>
<text x="600.0" y="680" class="label" text-anchor="middle">cumulative share of users</text>
<text x="20" y="350.0" class="label" transform="rotate(-90 20,350.0)" text-anchor="middle">cumulative share of events</text>
</svg>